%Data 

t1=[1298,1390,3187,3241,3261,3313,4501,4568,4841,4982,5000*ones(1,90)]';
t2=[581,925,1432,1586,2452,2734,2772,4106,4674,5000*ones(1,11)]';
t3=[283,361,515,638,854,1024,1030,1045,1767,1777,1856,1951,1964,2884,5000]';
c1=[zeros(1,10),ones(1,90)]';
c2=[zeros(1,9),ones(1,11)]';
c3=[zeros(1,14),ones(1,1)]';
T1=[t1,c1];
T2=[t2,c2];
T3=[t3,c3];